"V1" "V2" "V3" "V4" "V5" "V6"
"1" 41 55 56 21 43 46
"2" 25 52 6 56 6 6
"3" 53 59 38 26 4 62
"4" 24 43 2 19 33 61
"5" 37 15 32 7 55 63
"6" 2 28 61 14 45 40
"7" 40 39 1 46 50 24
"8" 32 10 35 33 65 39
"9" 27 38 39 28 49 56
"10" 3 16 8 22 5 29
"11" 28 61 28 15 27 25
"12" 13 36 12 58 42 26
"13" 61 13 3 50 24 32
"14" 7 60 9 38 60 52
"15" 42 21 55 57 28 17
"16" 14 5 54 12 25 54
"17" 56 1 25 30 41 45
"18" 46 27 7 42 38 65
"19" 5 33 44 55 19 64
"20" 11 23 49 43 63 31
"21" 55 62 47 63 40 22
"22" 34 3 14 64 14 35
"23" 38 29 17 39 20 1
"24" 17 8 18 52 44 59
"25" 23 14 63 61 51 50
"26" 62 34 15 23 64 48
"27" 63 25 42 59 9 42
"28" 58 45 59 49 58 60
"29" 36 57 20 53 56 41
"30" 4 54 24 18 54 19
"31" 65 53 30 41 46 30
"32" 9 12 21 5 39 4
"33" 43 64 13 31 32 8
"34" 12 48 16 10 13 57
"35" 57 44 19 34 12 15
"36" 15 42 51 35 47 5
"37" 47 7 31 44 3 21
"38" 60 30 48 4 35 53
"39" 10 58 60 51 11 14
"40" 35 37 58 3 2 27
"41" 6 2 40 47 30 12
"42" 20 6 4 27 57 16
"43" 19 40 27 48 1 44
"44" 31 65 50 45 16 49
"45" 51 56 5 6 18 38
"46" 21 51 64 29 23 33
"47" 54 24 10 11 48 13
"48" 48 50 23 60 26 55
"49" 64 41 33 13 22 18
"50" 49 4 45 16 59 28
"51" 44 19 22 17 10 51
"52" 26 17 57 40 36 20
"53" 33 47 43 24 37 2
"54" 22 32 36 8 8 10
"55" 18 63 41 2 52 34
"56" 39 11 52 36 7 58
"57" 16 26 46 25 15 23
"58" 1 46 34 65 34 37
"59" 8 22 29 32 21 47
"60" 52 18 37 54 53 3
"61" 30 20 11 1 29 43
"62" 50 35 65 37 31 36
"63" 59 9 62 20 17 7
"64" 45 49 53 9 62 11
"65" 29 31 26 62 61 9
